-7162.460000 2893.020000 0.00
-5109.610000 2958.660000 0.00
-5602.950000 2216.590000 0.00
-5828.200000 3212.260000 0.00
-5702.450000 1889.080000 0.00
-8479.420000 2656.020000 0.00
-7320.670000 2465.330000 0.00
-8270.730000 2378.250000 0.00
-8144.310000 2332.650000 0.00
-8421.360000 2580.030000 0.00
-8458.670000 2610.420000 0.00
-5714.880000 2864.020000 0.00
-8094.560000 2260.100000 0.00
-8105.590000 2356.850000 0.00
-6805.920000 2032.790000 0.00
-6939.970000 2173.730000 0.00
-7730.400000 2816.320000 0.00
-5223.610000 2651.180000 0.00
-8405.490000 2533.720000 0.00
-6744.430000 2683.680000 0.00
-7324.140000 2662.240000 0.00
-8500.820000 3105.140000 0.00
-6432.790000 3105.850000 0.00
-6231.740000 2668.460000 0.00
-6553.010000 2747.930000 0.00
-5975.390000 2908.910000 0.00
-4976.250000 3069.210000 0.00
-6506.720000 3148.670000 0.00
-5618.840000 2065.250000 0.00
-5799.890000 3000.820000 0.00
-8394.410000 2666.400000 0.00
-5041.910000 3013.260000 0.00
-7222.550000 2307.800000 0.00
-5375.640000 2483.280000 0.00
-7547.320000 2873.690000 0.00
-6156.400000 2920.670000 0.00
-5362.510000 2982.150000 0.00
-6388.570000 3041.590000 0.00
-5523.510000 2575.200000 0.00
-5351.440000 2593.850000 0.00
